Vox On Cambridge
{'2019-12-15': [2270, 2645, 2510, 2755, 2890, 2990, 3050, 3170, 3400]}
{'2019-12-17': [2330, 2645, 2510, 2755, 2990, 2890, 3050, 3170, 3420]}
{'2019-12-20': [2330, 2580, 2715, 2820, 2885, 2985, 3045, 3165]}
{'2019-12-23': [2340, 2635, 2765, 2875, 3095, 3135]}
{'2019-12-25': [2310, 2605, 2675, 2735, 3065, 3090, 3185]}
{'2019-12-26': [2225, 2565, 2635, 2705, 3120, 3140, 3240]}
{'2019-12-27': [2230, 2565, 2635, 2705, 2960, 3120, 3240]}
{'2019-12-29': [2225, 2565, 2635, 2705, 2960, 3120, 3240, 3500, 3545]}
{'2019-12-30': [2290, 2565, 2635, 2705, 2960, 3120, 3240, 3495, 3540]}
{'2019-12-31': [2290, 2560, 2630, 2700, 2960, 3120, 3240, 3490, 3540]}
{'2020-01-01': [2285, 2560, 2630, 2700, 2960, 3120, 3240, 3490, 3535]}
{'2020-01-02': [2325, 2520, 2590, 2665, 2945, 3105, 3225, 3470, 3505]}
{'2020-01-04': [2360, 2515, 2585, 2645, 2945, 3105, 3205, 3225, 3495, 3535]}
{'2020-01-05': [2360, 2515, 2585, 2645, 2945, 3105, 3205, 3225, 3495, 3535]}
{'2020-01-06': [2360, 2515, 2585, 2645, 2945, 3105, 3205, 3225, 3495, 3535]}
{'2020-01-07': [2360, 2520, 2590, 2645, 2945, 3105, 3205, 3225, 3490, 3535]}
{'2020-01-08': [2360, 2515, 2585, 2645, 2945, 3105, 3205, 3225, 3490, 3535]}
{'2020-01-09': [2375, 2490, 2560, 2620, 2940, 3100, 3205, 3220, 3460, 3535]}
{'2020-01-10': [2375, 2490, 2560, 2620, 2940, 3100, 3205, 3220, 3460, 3535]}
{'2020-01-11': [2375, 2475, 2490, 2620, 2940, 3100, 3200, 3220, 3455, 3530]}
{'2020-01-13': [2375, 2475, 2485, 2620, 2940, 3100, 3205, 3220, 3460, 3535]}
{'2020-01-14': [2375, 2475, 2500, 2620, 2635, 2940, 3100, 3210, 3220, 3465, 3540]}
{'2020-01-15': [2375, 2475, 2500, 2620, 2635, 2940, 3100, 3210, 3220, 3465, 3540]}
{'2020-01-16': [2385, 2480, 2510, 2620, 2625, 2635, 2940, 3100, 3220, 3220, 3475]}
{'2020-01-18': [2385, 2475, 2500, 2610, 2620, 2625, 3090, 3100, 3220, 3220, 3475]}
{'2020-01-19': [2385, 2475, 2500, 2610, 2620, 2625, 3090, 3100, 3220, 3475]}
{'2020-01-22': [2385, 2475, 2500, 2605, 2620, 2625, 3095, 3100, 3225, 3480, 3525]}
